<?xml version="1.0" encoding="utf-8"?>
<COLLADA xmlns="http://www.collada.org/2005/11/COLLADASchema" version="1.4.1">
  <asset><contributor><author>Mixamo</author><authoring_tool>COLLADA Mixamo exporter</authoring_tool><comments></comments></contributor><created>2021-06-22T13:17:11Z</created><modified>2021-06-22T13:17:11Z</modified><revision></revision><title></title><unit meter="0.010000"/><up_axis>Y_UP</up_axis></asset>
  <library_animations>
    <animation id="mixamorig_Hips-anim" name="mixamorig_Hips"><source id="mixamorig_Hips-Matrix-animation-input"><float_array id="mixamorig_Hips-Matrix-animation-input-array" count="32">

0.000000 0.033333 0.066667 0.100000 0.133333 0.166667 0.200000 0.233333 0.266667 0.300000 0.333333 0.366667 0.400000 0.433333 0.466667 0.500000
0.533333 0.566667 0.600000 0.633333 0.666667 0.700000 0.733333 0.766667 0.800000 0.833333 0.866667 0.900000 0.933333 0.966667 1.000000 1.033333</float_array><technique_common><accessor source="#mixamorig_Hips-Matrix-animation-input-array" count="32"><param name="TIME" type="float"/></accessor></technique_common></source><source id="mixamorig_Hips-Matrix-animation-output-transform"><float_array id="mixamorig_Hips-Matrix-animation-output-transform-array" count="512">

0.991509 -0.081390 0.101414 0.001956 0.063685 0.983900 0.166987 0.701268 -0.113373 -0.159111 0.980729 -0.003056 0.000000 0.000000 0.000000 1.000000
0.995640 -0.084815 0.038835 0.004040 0.078672 0.987164 0.138990 0.703936 -0.050125 -0.135329 0.989532 0.043373 0.000000 0.000000 0.000000 1.000000
0.996580 -0.079489 -0.022590 0.007672 0.081340 0.991817 0.098406 0.703553 0.014583 -0.099906 0.994890 0.087260 0.000000 0.000000 0.000000 1.000000
0.994668 -0.065693 -0.079497 0.011127 0.070202 0.995998 0.055306 0.700124 0.075546 -0.060592 0.995300 0.130143 0.000000 0.000000 0.000000 1.000000
0.990208 -0.045502 -0.131979 0.013598 0.049733 0.998343 0.028939 0.690811 0.130443 -0.035219 0.990830 0.172283 0.000000 0.000000 0.000000 1.000000
0.985043 -0.023261 -0.170729 0.016343 0.026949 0.999450 0.019315 0.679915 0.170186 -0.023627 0.985129 0.213890 0.000000 0.000000 0.000000 1.000000
0.983685 -0.010450 -0.179596 0.019066 0.013035 0.999828 0.013222 0.668696 0.179426 -0.015347 0.983652 0.254213 0.000000 0.000000 0.000000 1.000000
0.985042 -0.010927 -0.171967 0.019198 0.011202 0.999937 0.000632 0.658525 0.171950 -0.002549 0.985102 0.294634 0.000000 0.000000 0.000000 1.000000
0.986317 -0.019312 -0.163723 0.019377 0.014691 0.999460 -0.029387 0.652421 0.164202 0.026579 0.986069 0.335640 0.000000 0.000000 0.000000 1.000000
0.989457 -0.033829 -0.140823 0.017131 0.027801 0.998620 -0.044551 0.647882 0.142136 0.040166 0.989032 0.377843 0.000000 0.000000 0.000000 1.000000
0.992563 -0.044288 -0.113386 0.015806 0.042783 0.998961 -0.015672 0.644391 0.113962 0.010705 0.993427 0.419873 0.000000 0.000000 0.000000 1.000000
0.992424 -0.046280 -0.113814 0.016305 0.052010 0.997497 0.047907 0.645545 0.111312 -0.053464 0.992346 0.462983 0.000000 0.000000 0.000000 1.000000
0.991129 -0.042603 -0.125893 0.018039 0.058313 0.990585 0.123862 0.651982 0.119431 -0.130104 0.984281 0.507815 0.000000 0.000000 0.000000 1.000000
0.993132 -0.039298 -0.110201 0.019882 0.059889 0.979900 0.190286 0.660687 0.100508 -0.195579 0.975524 0.554574 0.000000 0.000000 0.000000 1.000000
0.997086 -0.036548 -0.066962 0.021153 0.051338 0.970733 0.234612 0.669611 0.056428 -0.237366 0.969780 0.602048 0.000000 0.000000 0.000000 1.000000
0.999269 -0.033796 -0.017861 0.022199 0.037254 0.965703 0.256962 0.679120 0.008564 -0.257439 0.966256 0.649767 0.000000 0.000000 0.000000 1.000000
0.999121 -0.028894 0.030386 0.023329 0.019824 0.964070 0.264907 0.688008 -0.036949 -0.264071 0.963795 0.697666 0.000000 0.000000 0.000000 1.000000
0.996671 -0.024452 0.077769 0.023925 0.003380 0.965532 0.260263 0.693978 -0.081453 -0.259134 0.962401 0.745915 0.000000 0.000000 0.000000 1.000000
0.992508 -0.025930 0.119394 0.023223 -0.003231 0.971307 0.237807 0.697037 -0.122135 -0.236411 0.963947 0.794184 0.000000 0.000000 0.000000 1.000000
0.987643 -0.035463 0.152653 0.021446 0.004173 0.979666 0.200590 0.697061 -0.156663 -0.197474 0.967709 0.841370 0.000000 0.000000 0.000000 1.000000
0.981200 -0.051170 0.186086 0.018871 0.021694 0.987343 0.157111 0.693014 -0.191770 -0.150120 0.969891 0.886787 0.000000 0.000000 0.000000 1.000000
0.972838 -0.066446 0.221746 0.016246 0.037263 0.990377 0.133286 0.686701 -0.228468 -0.121402 0.965952 0.929262 0.000000 0.000000 0.000000 1.000000
0.967392 -0.081319 0.239875 0.014141 0.043132 0.986117 0.160352 0.680172 -0.249585 -0.144777 0.957469 0.966327 0.000000 0.000000 0.000000 1.000000
0.967037 -0.093809 0.236728 0.012352 0.043542 0.976893 0.209247 0.673440 -0.250887 -0.192042 0.948776 1.000386 0.000000 0.000000 0.000000 1.000000
0.967134 -0.099042 0.234185 0.010804 0.041559 0.970206 0.238690 0.667274 -0.250848 -0.221113 0.942435 1.035115 0.000000 0.000000 0.000000 1.000000
0.968616 -0.095267 0.229579 0.008828 0.036026 0.967689 0.249558 0.663935 -0.245936 -0.233456 0.940752 1.071298 0.000000 0.000000 0.000000 1.000000
0.972326 -0.092826 0.214395 0.006645 0.038503 0.968799 0.244839 0.662773 -0.230433 -0.229808 0.945563 1.111390 0.000000 0.000000 0.000000 1.000000
0.976660 -0.090052 0.195003 0.003894 0.042939 0.971400 0.233534 0.664933 -0.210456 -0.219710 0.952594 1.152725 0.000000 0.000000 0.000000 1.000000
0.981153 -0.087603 0.172236 0.001934 0.048802 0.974776 0.217785 0.670426 -0.186970 -0.205275 0.960679 1.199807 0.000000 0.000000 0.000000 1.000000
0.985278 -0.085585 0.147997 0.000993 0.054957 0.978282 0.199859 0.679354 -0.161887 -0.188783 0.968583 1.250291 0.000000 0.000000 0.000000 1.000000
0.988751 -0.083716 0.123950 0.001495 0.060266 0.981428 0.182117 0.690091 -0.136894 -0.172598 0.975433 1.300472 0.000000 0.000000 0.000000 1.000000
0.991509 -0.081390 0.101414 0.001956 0.063685 0.983900 0.166987 0.701268 -0.113373 -0.159111 0.980730 1.350407 0.000000 0.000000 0.000000 1.000000</float_array><technique_common><accessor source="#mixamorig_Hips-Matrix-animation-output-transform-array" count="32" stride="16"><param type="float4x4"/></accessor></technique_common></source><source id="mixamorig_Hips-Interpolations"><Name_array id="mixamorig_Hips-Interpolations-array" count="32">
 LINEAR LINEAR LINEAR LINEAR LINEAR LINEAR LINEAR LINEAR LINEAR LINEAR LINEAR
LINEAR LINEAR LINEAR LINEAR LINEAR LINEAR LINEAR LINEAR LINEAR LINEAR LINEAR LINEAR
LINEAR LINEAR LINEAR LINEAR LINEAR LINEAR LINEAR LINEAR LINEAR</Name_array><technique_common><accessor source="#mixamorig_Hips-Interpolations-array" count="32"><param type="name"/></accessor></technique_common></source><sampler id="mixamorig_Hips-Matrix-animation-transform"><input semantic="INPUT" source="#mixamorig_Hips-Matrix-animation-input"/><input semantic="OUTPUT" source="#mixamorig_Hips-Matrix-animation-output-transform"/><input semantic="INTERPOLATION" source="#mixamorig_Hips-Interpolations"/></sampler><channel source="#mixamorig_Hips-Matrix-animation-transform" target="mixamorig_Hips/matrix"/></animation>
    <animation id="mixamorig_Spine-anim" name="mixamorig_Spine"><source id="mixamorig_Spine-Matrix-animation-input"><float_array id="mixamorig_Spine-Matrix-animation-input-array" count="32">

0.000000 0.033333 0.066667 0.100000 0.133333 0.166667 0.200000 0.233333 0.266667 0.300000 0.333333 0.366667 0.400000 0.433333 0.466667 0.500000
0.533333 0.566667 0.600000 0.633333 0.666667 0.700000 0.733333 0.766667 0.800000 0.833333 0.866667 0.900000 0.933333 0.966667 1.000000 1.033333</float_array><technique_common><accessor source="#mixamorig_Spine-Matrix-animation-input-array" count="32"><param name="TIME" type="float"/></accessor></technique_common></source><source id="mixamorig_Spine-Matrix-animation-output-transform"><float_array id="mixamorig_Spine-Matrix-animation-output-transform-array" count="512">

0.995061 0.051369 -0.084945 0.000000 -0.064461 0.985111 -0.159377 0.075800 0.075493 0.164066 0.983556 -0.008700 0.000000 0.000000 0.000000 1.000000
0.996323 0.067903 -0.052249 0.000000 -0.073958 0.989475 -0.124374 0.075800 0.043254 0.127781 0.990859 -0.008700 0.000000 0.000000 0.000000 1.000000
0.997266 0.072018 -0.016538 0.000000 -0.073072 0.994431 -0.075941 0.075800 0.010977 0.076942 0.996975 -0.008700 0.000000 0.000000 0.000000 1.000000
0.997835 0.062572 0.020237 0.000000 -0.062074 0.997773 -0.024391 0.075800 -0.021718 0.023082 0.999498 -0.008700 0.000000 0.000000 0.000000 1.000000
0.997445 0.045164 0.055354 0.000000 -0.045984 0.998849 0.013617 0.075800 -0.054675 -0.016128 0.998374 -0.008700 0.000000 0.000000 0.000000 1.000000
0.996435 0.027463 0.079763 0.000000 -0.029923 0.999107 0.029814 0.075800 -0.078873 -0.032094 0.996368 -0.008700 0.000000 0.000000 0.000000 1.000000
0.996198 0.021743 0.084357 0.000000 -0.025228 0.998862 0.040467 0.075800 -0.083381 -0.042442 0.995614 -0.008700 0.000000 0.000000 0.000000 1.000000
0.995909 0.031052 0.084857 0.000000 -0.036348 0.997439 0.061596 0.075800 -0.082727 -0.064429 0.994487 -0.008700 0.000000 0.000000 0.000000 1.000000
0.994932 0.046191 0.089315 0.000000 -0.054984 0.993603 0.098643 0.075800 -0.084187 -0.103054 0.991107 -0.008700 0.000000 0.000000 0.000000 1.000000
0.994041 0.070871 0.082827 0.000000 -0.080123 0.990209 0.114312 0.075800 -0.073915 -0.120267 0.989986 -0.008700 0.000000 0.000000 0.000000 1.000000
0.992437 0.097230 0.074929 0.000000 -0.102921 0.991762 0.076256 0.075800 -0.066897 -0.083391 0.994269 -0.008700 0.000000 0.000000 0.000000 1.000000
0.990295 0.113089 0.080789 0.000000 -0.112818 0.993584 -0.007920 0.075800 -0.081166 -0.001271 0.996700 -0.008700 0.000000 0.000000 0.000000 1.000000
0.989015 0.123761 0.080825 0.000000 -0.114908 0.987675 -0.106270 0.075800 -0.092981 0.095815 0.991047 -0.008700 0.000000 0.000000 0.000000 1.000000
0.990355 0.127430 0.054385 0.000000 -0.115191 0.975415 -0.187873 0.075800 -0.076988 0.179796 0.980686 -0.008700 0.000000 0.000000 0.000000 1.000000
0.992870 0.118827 0.009442 0.000000 -0.113206 0.964774 -0.237476 0.075800 -0.037328 0.234714 0.971348 -0.008700 0.000000 0.000000 0.000000 1.000000
0.994159 0.101809 -0.035808 0.000000 -0.107638 0.959451 -0.260514 0.075800 0.007833 0.262846 0.964806 -0.008700 0.000000 0.000000 0.000000 1.000000
0.994176 0.077224 -0.075177 0.000000 -0.094841 0.958196 -0.269937 0.075800 0.051188 0.275495 0.959939 -0.008700 0.000000 0.000000 0.000000 1.000000
0.992714 0.052251 -0.108576 0.000000 -0.079717 0.960497 -0.266627 0.075800 0.090355 0.273340 0.957665 -0.008700 0.000000 0.000000 0.000000 1.000000
0.990204 0.038865 -0.134107 0.000000 -0.070573 0.968072 -0.240533 0.075800 0.120477 0.247641 0.961332 -0.008700 0.000000 0.000000 0.000000 1.000000
0.987527 0.041791 -0.151802 -0.000000 -0.071059 0.978655 -0.192836 0.075800 0.140503 0.201218 0.969417 -0.008700 0.000000 0.000000 0.000000 1.000000
0.983788 0.057904 -0.169729 0.000000 -0.080998 0.987873 -0.132464 0.075800 0.160001 0.144064 0.976548 -0.008700 0.000000 0.000000 0.000000 1.000000
0.978882 0.075532 -0.189958 0.000000 -0.094732 0.991045 -0.094104 0.075800 0.181149 0.110112 0.977272 -0.008700 0.000000 0.000000 0.000000 1.000000
0.976581 0.079707 -0.199840 0.000000 -0.105634 0.986816 -0.122617 0.075800 0.187432 0.140856 0.972126 -0.008700 0.000000 0.000000 0.000000 1.000000
0.977383 0.075529 -0.197531 0.000000 -0.111764 0.977431 -0.179270 0.075800 0.179533 0.197293 0.963765 -0.008700 0.000000 0.000000 0.000000 1.000000
0.977751 0.068920 -0.198122 0.000000 -0.111424 0.970862 -0.212159 0.075800 0.177727 0.229514 0.956941 -0.008700 0.000000 0.000000 0.000000 1.000000
0.979034 0.056458 -0.195715 0.000000 -0.101337 0.968481 -0.227543 0.075800 0.176700 0.242606 0.953897 -0.008700 0.000000 0.000000 0.000000 1.000000
0.981673 0.052377 -0.183235 0.000000 -0.093892 0.969626 -0.225855 0.075800 0.165839 0.238920 0.956773 -0.008700 0.000000 0.000000 0.000000 1.000000
0.984725 0.050633 -0.166590 0.000000 -0.086723 0.972286 -0.217113 0.075800 0.150980 0.228244 0.961826 -0.008700 0.000000 0.000000 0.000000 1.000000
0.987869 0.050833 -0.146733 0.000000 -0.080453 0.975740 -0.203614 0.075800 0.132822 0.212949 0.967993 -0.008700 0.000000 0.000000 0.000000 1.000000
0.990732 0.051888 -0.125528 0.000000 -0.075086 0.979331 -0.187808 0.075800 0.113189 0.195493 0.974151 -0.008700 0.000000 0.000000 0.000000 1.000000
0.993134 0.052508 -0.104535 0.000000 -0.070076 0.982563 -0.172218 0.075800 0.093669 0.178361 0.979497 -0.008700 0.000000 0.000000 0.000000 1.000000
0.995061 0.051369 -0.084945 -0.000000 -0.064461 0.985111 -0.159378 0.075800 0.075493 0.164066 0.983556 -0.008700 0.000000 0.000000 0.000000 1.000000</float_array><technique_common><accessor source="#mixamorig_Spine-Matrix-animation-output-transform-array" count="32" stride="16"><param type="float4x4"/></accessor></technique_common></source><source id="mixamorig_Spine-Interpolations"><Name_array id="mixamorig_Spine-Interpolations-array" count="32">
 LINEAR LINEAR LINEAR LINEAR LINEAR LINEAR LINEAR LINEAR LINEAR LINEAR LINEAR
LINEAR LINEAR LINEAR LINEAR LINEAR LINEAR LINEAR LINEAR LINEAR LINEAR LINEAR LINEAR
LINEAR LINEAR LINEAR LINEAR LINEAR LINEAR LINEAR LINEAR LINEAR</Name_array><technique_common><accessor source="#mixamorig_Spine-Interpolations-array" count="32"><param type="name"/></accessor></technique_common></source><sampler id="mixamorig_Spine-Matrix-animation-transform"><input semantic="INPUT" source="#mixamorig_Spine-Matrix-animation-input"/><input semantic="OUTPUT" source="#mixamorig_Spine-Matrix-animation-output-transform"/><input semantic="INTERPOLATION" source="#mixamorig_Spine-Interpolations"/></sampler><channel source="#mixamorig_Spine-Matrix-animation-transform" target="mixamorig_Spine/matrix"/></animation>
    <animation id="mixamorig_Spine1-anim" name="mixamorig_Spine1"><source id="mixamorig_Spine1-Matrix-animation-input"><float_array id="mixamorig_Spine1-Matrix-animation-input-array" count="32">

0.000000 0.033333 0.066667 0.100000 0.133333 0.166667 0.200000 0.233333 0.266667 0.300000 0.333333 0.366667 0.400000 0.433333 0.466667 0.500000
0.533333 0.566667 0.600000 0.633333 0.666667 0.700000 0.733333 0.766667 0.800000 0.833333 0.866667 0.900000 0.933333 0.966667 1.000000 1.033333</float_array><technique_common><accessor source="#mixamorig_Spine1-Matrix-animation-input-array" count="32"><param name="TIME" type="float"/></accessor></technique_common></source><source id="mixamorig_Spine1-Matrix-animation-output-transform"><float_array id="mixamorig_Spine1-Matrix-animation-output-transform-array" count="512">

0.999702 0.011607 -0.021452 -0.000000 -0.012653 0.998703 -0.049321 0.089000 0.020852 0.049578 0.998553 0.000000 0.000000 0.000000 0.000000 1.000000
0.999862 0.011894 -0.011572 0.000000 -0.012519 0.998378 -0.055544 0.089000 0.010893 0.055682 0.998389 0.000000 0.000000 0.000000 0.000000 1.000000
0.999952 0.009629 -0.001513 0.000000 -0.009703 0.998105 -0.060761 0.089000 0.000925 0.060772 0.998151 0.000000 0.000000 0.000000 0.000000 1.000000
0.999954 0.004643 0.008413 0.000000 -0.004081 0.997836 -0.065625 0.089000 -0.008700 0.065588 0.997809 0.000000 0.000000 0.000000 0.000000 1.000000
0.999838 -0.002379 0.017827 0.000000 0.003756 0.996977 -0.077610 0.089000 -0.017589 0.077664 0.996824 0.000000 0.000000 0.000000 0.000000 1.000000
0.999654 -0.009857 0.024382 -0.000000 0.011919 0.996231 -0.085915 0.089000 -0.023444 0.086175 0.996004 0.000000 0.000000 0.000000 0.000000 1.000000
0.999572 -0.014186 0.025588 0.000000 0.016461 0.995713 -0.091017 0.089000 -0.024187 0.091400 0.995521 -0.000000 0.000000 0.000000 0.000000 1.000000
0.999528 -0.015808 0.026324 0.000000 0.018326 0.994983 -0.098355 0.089000 -0.024637 0.098791 0.994803 0.000000 0.000000 0.000000 0.000000 1.000000
0.999457 -0.017116 0.028167 0.000000 0.019794 0.995017 -0.097718 0.089000 -0.026354 0.098222 0.994815 0.000000 0.000000 0.000000 0.000000 1.000000
0.999539 -0.015072 0.026343 0.000000 0.017496 0.995384 -0.094363 0.089000 -0.024799 0.094780 0.995189 -0.000000 0.000000 0.000000 0.000000 1.000000
0.999693 -0.011735 0.021822 0.000000 0.013733 0.995498 -0.093777 0.089000 -0.020623 0.094048 0.995354 0.000000 0.000000 0.000000 0.000000 1.000000
0.999754 -0.008968 0.020283 0.000000 0.010788 0.995746 -0.091511 0.089000 -0.019376 0.091707 0.995597 0.000000 0.000000 0.000000 0.000000 1.000000
0.999780 -0.006633 0.019915 0.000000 0.008396 0.995927 -0.089774 0.089000 -0.019238 0.089921 0.995763 0.000000 0.000000 0.000000 0.000000 1.000000
0.999906 -0.003435 0.013304 0.000000 0.004617 0.995947 -0.089819 0.089000 -0.012941 0.089872 0.995869 0.000000 0.000000 0.000000 0.000000 1.000000
0.999996 -0.002523 -0.000996 0.000000 0.002422 0.995829 -0.091204 0.089000 0.001222 0.091201 0.995832 0.000000 0.000000 0.000000 0.000000 1.000000
0.999881 -0.003822 -0.014964 -0.000000 0.002446 0.995855 -0.090924 0.089000 0.015249 0.090876 0.995745 0.000000 0.000000 0.000000 0.000000 1.000000
0.999628 -0.006720 -0.026445 -0.000000 0.004392 0.996189 -0.087112 0.089000 0.026930 0.086964 0.995847 0.000000 0.000000 0.000000 0.000000 1.000000
0.999307 -0.010486 -0.035712 -0.000000 0.007547 0.996648 -0.081456 0.089000 0.036447 0.081130 0.996037 0.000000 0.000000 0.000000 0.000000 1.000000
0.998997 -0.012770 -0.042919 0.000000 0.009500 0.997097 -0.075551 0.089000 0.043759 0.075068 0.996218 -0.000000 0.000000 0.000000 0.000000 1.000000
0.998748 -0.011952 -0.048581 0.000000 0.008511 0.997481 -0.070421 0.089000 0.049301 0.069919 0.996334 0.000000 0.000000 0.000000 0.000000 1.000000
0.998440 -0.009477 -0.055029 0.000000 0.005698 0.997639 -0.068440 0.089000 0.055547 0.068019 0.996136 0.000000 0.000000 0.000000 0.000000 1.000000
0.998073 -0.006538 -0.061708 0.000000 0.002137 0.997466 -0.071116 0.089000 0.062016 0.070847 0.995557 0.000000 0.000000 0.000000 0.000000 1.000000
0.997974 -0.001168 -0.063610 0.000000 -0.003647 0.997137 -0.075527 0.089000 0.063517 0.075606 0.995113 0.000000 0.000000 0.000000 0.000000 1.000000
0.998108 0.005346 -0.061254 0.000000 -0.010410 0.996524 -0.082653 0.089000 0.060600 0.083134 0.994694 0.000000 0.000000 0.000000 0.000000 1.000000
0.998168 0.009111 -0.059822 0.000000 -0.014410 0.995949 -0.088754 0.089000 0.058771 0.089453 0.994256 -0.000000 0.000000 0.000000 0.000000 1.000000
0.998289 0.010185 -0.057583 0.000000 -0.015289 0.995922 -0.088910 0.089000 0.056443 0.089638 0.994374 0.000000 0.000000 0.000000 0.000000 1.000000
0.998542 0.010720 -0.052910 -0.000000 -0.015185 0.996289 -0.084724 0.089000 0.051805 0.085404 0.994999 -0.000000 0.000000 0.000000 0.000000 1.000000
0.998824 0.011029 -0.047219 0.000000 -0.014728 0.996788 -0.078723 0.089000 0.046199 0.079326 0.995778 0.000000 0.000000 0.000000 0.000000 1.000000
0.999102 0.011193 -0.040869 0.000000 -0.014100 0.997338 -0.071542 0.089000 0.039960 0.072054 0.996600 0.000000 0.000000 0.000000 0.000000 1.000000
0.999351 0.011291 -0.034219 -0.000000 -0.013460 0.997871 -0.063818 0.089000 0.033425 0.064237 0.997375 0.000000 0.000000 0.000000 0.000000 1.000000
0.999553 0.011403 -0.027627 -0.000000 -0.012942 0.998336 -0.056195 0.089000 0.026940 0.056528 0.998037 -0.000000 0.000000 0.000000 0.000000 1.000000
0.999702 0.011607 -0.021452 -0.000000 -0.012653 0.998703 -0.049321 0.089000 0.020852 0.049578 0.998553 0.000000 0.000000 0.000000 0.000000 1.000000</float_array><technique_common><accessor source="#mixamorig_Spine1-Matrix-animation-output-transform-array" count="32" stride="16"><param type="float4x4"/></accessor></technique_common></source><source id="mixamorig_Spine1-Interpolations"><Name_array id="mixamorig_Spine1-Interpolations-array" count="32">
 LINEAR LINEAR LINEAR LINEAR LINEAR LINEAR LINEAR LINEAR LINEAR LINEAR LINEAR
LINEAR LINEAR LINEAR LINEAR LINEAR LINEAR LINEAR LINEAR LINEAR LINEAR LINEAR LINEAR
LINEAR LINEAR LINEAR LINEAR LINEAR LINEAR LINEAR LINEAR LINEAR</Name_array><technique_common><accessor source="#mixamorig_Spine1-Interpolations-array" count="32"><param type="name"/></accessor></technique_common></source><sampler id="mixamorig_Spine1-Matrix-animation-transform"><input semantic="INPUT" source="#mixamorig_Spine1-Matrix-animation-input"/><input semantic="OUTPUT" source="#mixamorig_Spine1-Matrix-animation-output-transform"/><input semantic="INTERPOLATION" source="#mixamorig_Spine1-Interpolations"/></sampler><channel source="#mixamorig_Spine1-Matrix-animation-transform" target="mixamorig_Spine1/matrix"/></animation>
    <animation id="mixamorig_Spine2-anim" name="mixamorig_Spine2"><source id="mixamorig_Spine2-Matrix-animation-input"><float_array id="mixamorig_Spine2-Matrix-animation-input-array" count="32">

0.000000 0.033333 0.066667 0.100000 0.133333 0.166667 0.200000 0.233333 0.266667 0.300000 0.333333 0.366667 0.400000 0.433333 0.466667 0.500000
0.533333 0.566667 0.600000 0.633333 0.666667 0.700000 0.733333 0.766667 0.800000 0.833333 0.866667 0.900000 0.933333 0.966667 1.000000 1.033333</float_array><technique_common><accessor source="#mixamorig_Spine2-Matrix-animation-input-array" count="32"><param name="TIME" type="float"/></accessor></technique_common></source><source id="mixamorig_Spine2-Matrix-animation-output-transform"><float_array id="mixamorig_Spine2-Matrix-animation-output-transform-array" count="512">

0.999711 0.010915 -0.021439 0.000000 -0.011966 0.998702 -0.049505 0.101800 0.020870 0.049747 0.998544 0.000000 0.000000 0.000000 0.000000 1.000000
0.999873 0.011272 -0.011272 0.000000 -0.011882 0.998381 -0.055619 0.101800 0.010627 0.055746 0.998388 -0.000000 0.000000 0.000000 0.000000 1.000000
0.999960 0.008942 -0.001016 0.000000 -0.008987 0.998118 -0.060666 0.101800 0.000471 0.060673 0.998158 0.000000 0.000000 0.000000 0.000000 1.000000
0.999952 0.003773 0.009058 0.000000 -0.003173 0.997857 -0.065363 0.101800 -0.009285 0.065331 0.997820 0.000000 0.000000 0.000000 0.000000 1.000000
0.999818 -0.003556 0.018724 0.000000 0.004992 0.997003 -0.077197 0.101800 -0.018394 0.077276 0.996840 0.000000 0.000000 0.000000 0.000000 1.000000
0.999610 -0.011350 0.025506 0.000000 0.013491 0.996256 -0.085393 0.101800 -0.024441 0.085704 0.996021 0.000000 0.000000 0.000000 0.000000 1.000000
0.999511 -0.015956 0.026880 0.000000 0.018328 0.995732 -0.090454 0.101800 -0.025322 0.090902 0.995538 0.000000 0.000000 0.000000 0.000000 1.000000
0.999453 -0.017855 0.027849 0.000000 0.020500 0.994996 -0.097785 0.101800 -0.025964 0.098302 0.994818 0.000000 0.000000 0.000000 0.000000 1.000000
0.999361 -0.019235 0.030121 0.000000 0.022080 0.995024 -0.097162 0.101800 -0.028102 0.097765 0.994813 0.000000 0.000000 0.000000 0.000000 1.000000
0.999445 -0.017151 0.028575 0.000000 0.019766 0.995384 -0.093910 0.101800 -0.026832 0.094422 0.995171 0.000000 0.000000 0.000000 0.000000 1.000000
0.999610 -0.013815 0.024273 -0.000000 0.016027 0.995495 -0.093446 0.101800 -0.022873 0.093799 0.995328 0.000000 0.000000 0.000000 0.000000 1.000000
0.999683 -0.010952 0.022651 0.000000 0.012979 0.995730 -0.091392 0.101800 -0.021554 0.091657 0.995557 0.000000 0.000000 0.000000 0.000000 1.000000
0.999730 -0.007975 0.021836 0.000000 0.009909 0.995898 -0.089939 0.101800 -0.021030 0.090131 0.995708 0.000000 0.000000 0.000000 0.000000 1.000000
0.999887 -0.004441 0.014373 0.000000 0.005721 0.995902 -0.090257 0.101800 -0.013913 0.090329 0.995815 0.000000 0.000000 0.000000 0.000000 1.000000
0.999990 -0.004433 -0.000614 0.000000 0.004358 0.995768 -0.091804 0.101800 0.001018 0.091801 0.995777 0.000000 0.000000 0.000000 0.000000 1.000000
0.999867 -0.006661 -0.014887 -0.000000 0.005270 0.995783 -0.091592 0.101800 0.015434 0.091501 0.995685 -0.000000 0.000000 0.000000 0.000000 1.000000
0.999602 -0.010142 -0.026317 0.000000 0.007795 0.996109 -0.087786 0.101800 0.027105 0.087546 0.995792 -0.000000 0.000000 0.000000 0.000000 1.000000
0.999275 -0.014242 -0.035318 -0.000000 0.011300 0.996558 -0.082124 0.101800 0.036366 0.081665 0.995996 0.000000 0.000000 0.000000 0.000000 1.000000
0.998968 -0.016658 -0.042243 0.000000 0.013400 0.996996 -0.076291 0.101800 0.043387 0.075646 0.996190 -0.000000 0.000000 0.000000 0.000000 1.000000
0.998734 -0.015767 -0.047772 0.000000 0.012335 0.997379 -0.071301 0.101800 0.048771 0.070621 0.996310 0.000000 0.000000 0.000000 0.000000 1.000000
0.998446 -0.013144 -0.054148 0.000000 0.009363 0.997538 -0.069497 0.101800 0.054928 0.068882 0.996112 0.000000 0.000000 0.000000 0.000000 1.000000
0.998101 -0.010109 -0.060763 -0.000000 0.005699 0.997366 -0.072315 0.101800 0.061334 0.071831 0.995529 -0.000000 0.000000 0.000000 0.000000 1.000000
0.998011 -0.004766 -0.062864 0.000000 -0.000066 0.997060 -0.076627 0.101800 0.063044 0.076479 0.995076 -0.000000 0.000000 0.000000 0.000000 1.000000
0.998140 0.001901 -0.060941 -0.000000 -0.006991 0.996491 -0.083410 0.101800 0.060568 0.083681 0.994650 0.000000 0.000000 0.000000 0.000000 1.000000
0.998186 0.006156 -0.059889 0.000000 -0.011492 0.995950 -0.089167 0.101800 0.059098 0.089694 0.994215 0.000000 0.000000 0.000000 0.000000 1.000000
0.998295 0.007736 -0.057864 0.000000 -0.012881 0.995942 -0.089071 0.101800 0.056940 0.089665 0.994343 0.000000 0.000000 0.000000 0.000000 1.000000
0.998545 0.008639 -0.053235 0.000000 -0.013141 0.996311 -0.084807 0.101800 0.052306 0.085383 0.994974 -0.000000 0.000000 0.000000 0.000000 1.000000
0.998827 0.009260 -0.047518 0.000000 -0.012989 0.996806 -0.078795 0.101800 0.046637 0.079320 0.995758 -0.000000 0.000000 0.000000 0.000000 1.000000
0.999108 0.009698 -0.041096 0.000000 -0.012628 0.997350 -0.071644 0.101800 0.040293 0.072099 0.996583 -0.000000 0.000000 0.000000 0.000000 1.000000
0.999359 0.010053 -0.034353 0.000000 -0.012237 0.997877 -0.063964 0.101800 0.033637 0.064344 0.997361 0.000000 0.000000 0.000000 0.000000 1.000000
0.999563 0.010426 -0.027673 0.000000 -0.011974 0.998338 -0.056377 0.101800 0.027039 0.056683 0.998026 0.000000 0.000000 0.000000 0.000000 1.000000
0.999711 0.010915 -0.021439 0.000000 -0.011966 0.998702 -0.049505 0.101800 0.020870 0.049747 0.998544 0.000000 0.000000 0.000000 0.000000 1.000000</float_array><technique_common><accessor source="#mixamorig_Spine2-Matrix-animation-output-transform-array" count="32" stride="16"><param type="float4x4"/></accessor></technique_common></source><source id="mixamorig_Spine2-Interpolations"><Name_array id="mixamorig_Spine2-Interpolations-array" count="32">
 LINEAR LINEAR LINEAR LINEAR LINEAR LINEAR LINEAR LINEAR LINEAR LINEAR LINEAR
LINEAR LINEAR LINEAR LINEAR LINEAR LINEAR LINEAR LINEAR LINEAR LINEAR LINEAR LINEAR
LINEAR LINEAR LINEAR LINEAR LINEAR LINEAR LINEAR LINEAR LINEAR</Name_array><technique_common><accessor source="#mixamorig_Spine2-Interpolations-array" count="32"><param type="name"/></accessor></technique_common></source><sampler id="mixamorig_Spine2-Matrix-animation-transform"><input semantic="INPUT" source="#mixamorig_Spine2-Matrix-animation-input"/><input semantic="OUTPUT" source="#mixamorig_Spine2-Matrix-animation-output-transform"/><input semantic="INTERPOLATION" source="#mixamorig_Spine2-Interpolations"/></sampler><channel source="#mixamorig_Spine2-Matrix-animation-transform" target="mixamorig_Spine2/matrix"/></animation>
    <animation id="mixamorig_Neck-anim" name="mixamorig_Neck"><source id="mixamorig_Neck-Matrix-animation-input"><float_array id="mixamorig_Neck-Matrix-animation-input-array" count="32">

0.000000 0.033333 0.066667 0.100000 0.133333 0.166667 0.200000 0.233333 0.266667 0.300000 0.333333 0.366667 0.400000 0.433333 0.466667 0.500000
0.533333 0.566667 0.600000 0.633333 0.666667 0.700000 0.733333 0.766667 0.800000 0.833333 0.866667 0.900000 0.933333 0.966667 1.000000 1.033333</float_array><technique_common><accessor source="#mixamorig_Neck-Matrix-animation-input-array" count="32"><param name="TIME" type="float"/></accessor></technique_common></source><source id="mixamorig_Neck-Matrix-animation-output-transform"><float_array id="mixamorig_Neck-Matrix-animation-output-transform-array" count="512">

0.999421 -0.033658 -0.005058 0.000000 0.033912 0.997398 0.063618 0.114500 0.002904 -0.063752 0.997962 0.000000 0.000000 0.000000 0.000000 1.000000
0.999710 -0.023936 0.002517 0.000000 0.023767 0.998289 0.053424 0.114500 -0.003792 -0.053348 0.998569 0.000000 0.000000 0.000000 0.000000 1.000000
0.999889 -0.011423 0.009548 -0.000000 0.011003 0.999019 0.042895 0.114500 -0.010028 -0.042786 0.999034 -0.000000 0.000000 0.000000 0.000000 1.000000
0.999896 0.000860 0.014365 0.000000 -0.001340 0.999440 0.033423 0.114500 -0.014328 -0.033439 0.999338 0.000000 0.000000 0.000000 0.000000 1.000000
0.999801 0.010695 0.016866 0.000000 -0.011130 0.999603 0.025881 0.114500 -0.016583 -0.026063 0.999523 0.000000 0.000000 0.000000 0.000000 1.000000
0.999634 0.018395 0.019858 0.000000 -0.018869 0.999535 0.023933 0.114500 -0.019408 -0.024299 0.999516 0.000000 0.000000 0.000000 0.000000 1.000000
0.999504 0.020242 0.024125 0.000000 -0.020781 0.999536 0.022284 0.114500 -0.023663 -0.022774 0.999461 0.000000 0.000000 0.000000 0.000000 1.000000
0.999563 0.013777 0.026156 0.000000 -0.014446 0.999569 0.025544 0.114500 -0.025793 -0.025911 0.999331 -0.000000 0.000000 0.000000 0.000000 1.000000
0.999632 0.005239 0.026620 0.000000 -0.006110 0.999445 0.032755 0.114500 -0.026434 -0.032906 0.999109 0.000000 0.000000 0.000000 0.000000 1.000000
0.999576 -0.001110 0.029097 0.000000 -0.000065 0.999185 0.040370 0.114500 -0.029118 -0.040355 0.998761 0.000000 0.000000 0.000000 0.000000 1.000000
0.999401 -0.005927 0.034090 0.000000 0.004229 0.998757 0.049671 0.114500 -0.034342 -0.049497 0.998184 0.000000 0.000000 0.000000 0.000000 1.000000
0.999154 -0.005584 0.040747 0.000000 0.003164 0.998240 0.059214 0.114500 -0.041006 -0.059035 0.997413 0.000000 0.000000 0.000000 0.000000 1.000000
0.998988 -0.002395 0.044922 0.000000 -0.000725 0.997594 0.069322 0.114500 -0.044980 -0.069284 0.996582 0.000000 0.000000 0.000000 0.000000 1.000000
0.998853 -0.001977 0.047847 -0.000000 -0.001760 0.996956 0.077940 0.114500 -0.047855 -0.077935 0.995809 0.000000 0.000000 0.000000 0.000000 1.000000
0.998515 -0.005654 0.054186 0.000000 0.001093 0.996478 0.083848 0.114500 -0.054469 -0.083664 0.995004 -0.000000 0.000000 0.000000 0.000000 1.000000
0.998075 -0.011338 0.060978 -0.000000 0.006043 0.996248 0.086327 0.114500 -0.061728 -0.085793 0.994399 0.000000 0.000000 0.000000 0.000000 1.000000
0.997683 -0.016184 0.066074 -0.000000 0.010502 0.996287 0.085454 0.114500 -0.067212 -0.084562 0.994149 0.000000 0.000000 0.000000 0.000000 1.000000
0.997438 -0.019375 0.068860 0.000000 0.013651 0.996486 0.082635 0.114500 -0.070219 -0.081483 0.994198 0.000000 0.000000 0.000000 0.000000 1.000000
0.997350 -0.022611 0.069148 0.000000 0.017150 0.996761 0.078565 0.114500 -0.070701 -0.077171 0.994508 0.000000 0.000000 0.000000 0.000000 1.000000
0.997381 -0.026430 0.067320 0.000000 0.021482 0.997086 0.073197 0.114500 -0.069059 -0.071559 0.995043 0.000000 0.000000 0.000000 0.000000 1.000000
0.997385 -0.032389 0.064610 0.000000 0.027917 0.997229 0.068957 0.114500 -0.066664 -0.066973 0.995525 0.000000 0.000000 0.000000 0.000000 1.000000
0.997346 -0.039613 0.061084 0.000000 0.035392 0.997010 0.068692 0.114500 -0.063622 -0.066348 0.995766 0.000000 0.000000 0.000000 0.000000 1.000000
0.997549 -0.040575 0.057009 -0.000000 0.036397 0.996704 0.072503 0.114500 -0.059763 -0.070251 0.995738 0.000000 0.000000 0.000000 0.000000 1.000000
0.997925 -0.036175 0.053272 -0.000000 0.031797 0.996220 0.080840 0.114500 -0.055995 -0.078978 0.995302 -0.000000 0.000000 0.000000 0.000000 1.000000
0.998156 -0.036491 0.048511 0.000000 0.031961 0.995331 0.091079 0.114500 -0.051608 -0.089361 0.994661 -0.000000 0.000000 0.000000 0.000000 1.000000
0.998383 -0.038700 0.041645 -0.000000 0.034558 0.994787 0.095943 0.114500 -0.045141 -0.094348 0.994515 0.000000 0.000000 0.000000 0.000000 1.000000
0.998656 -0.038944 0.034190 -0.000000 0.035573 0.994917 0.094201 0.114500 -0.037685 -0.092859 0.994966 -0.000000 0.000000 0.000000 0.000000 1.000000
0.998913 -0.038369 0.026488 0.000000 0.035853 0.995323 0.089705 0.114500 -0.029806 -0.088658 0.995616 0.000000 0.000000 0.000000 0.000000 1.000000
0.999132 -0.037264 0.018624 0.000000 0.035587 0.995878 0.083430 0.114500 -0.021657 -0.082695 0.996340 0.000000 0.000000 0.000000 0.000000 1.000000
0.999298 -0.035917 0.010688 -0.000000 0.034999 0.996467 0.076348 0.114500 -0.013392 -0.075920 0.997024 0.000000 0.000000 0.000000 0.000000 1.000000
0.999397 -0.034619 0.002764 -0.000000 0.034344 0.996996 0.069424 0.114500 -0.005159 -0.069287 0.997583 0.000000 0.000000 0.000000 0.000000 1.000000
0.999421 -0.033658 -0.005058 -0.000000 0.033912 0.997398 0.063619 0.114500 0.002904 -0.063753 0.997961 0.000000 0.000000 0.000000 0.000000 1.000000</float_array><technique_common><accessor source="#mixamorig_Neck-Matrix-animation-output-transform-array" count="32" stride="16"><param type="float4x4"/></accessor></technique_common></source><source id="mixamorig_Neck-Interpolations"><Name_array id="mixamorig_Neck-Interpolations-array" count="32">
 LINEAR LINEAR LINEAR LINEAR LINEAR LINEAR LINEAR LINEAR LINEAR LINEAR LINEAR
LINEAR LINEAR LINEAR LINEAR LINEAR LINEAR LINEAR LINEAR LINEAR LINEAR LINEAR LINEAR
LINEAR LINEAR LINEAR LINEAR LINEAR LINEAR LINEAR LINEAR LINEAR</Name_array><technique_common><accessor source="#mixamorig_Neck-Interpolations-array" count="32"><param type="name"/></accessor></technique_common></source><sampler id="mixamorig_Neck-Matrix-animation-transform"><input semantic="INPUT" source="#mixamorig_Neck-Matrix-animation-input"/><input semantic="OUTPUT" source="#mixamorig_Neck-Matrix-animation-output-transform"/><input semantic="INTERPOLATION" source="#mixamorig_Neck-Interpolations"/></sampler><channel source="#mixamorig_Neck-Matrix-animation-transform" target="mixamorig_Neck/matrix"/></animation>
    <animation id="mixamorig_Head-anim" name="mixamorig_Head"><source id="mixamorig_Head-Matrix-animation-input"><float_array id="mixamorig_Head-Matrix-animation-input-array" count="32">

0.000000 0.033333 0.066667 0.100000 0.133333 0.166667 0.200000 0.233333 0.266667 0.300000 0.333333 0.366667 0.400000 0.433333 0.466667 0.500000
0.533333 0.566667 0.600000 0.633333 0.666667 0.700000 0.733333 0.766667 0.800000 0.833333 0.866667 0.900000 0.933333 0.966667 1.000000 1.033333</float_array><technique_common><accessor source="#mixamorig_Head-Matrix-animation-input-array" count="32"><param name="TIME" type="float"/></accessor></technique_common></source><source id="mixamorig_Head-Matrix-animation-output-transform"><float_array id="mixamorig_Head-Matrix-animation-output-transform-array" count="512">

0.997491 0.016561 0.068825 0.000000 -0.015828 0.999812 -0.011187 0.101800 -0.068997 0.010070 0.997566 0.009300 0.000000 0.000000 0.000000 1.000000
0.997349 0.005804 0.072537 0.000000 -0.006136 0.999972 0.004362 0.101800 -0.072510 -0.004796 0.997356 0.009300 0.000000 0.000000 0.000000 1.000000
0.997252 -0.003204 0.074008 -0.000000 0.001998 0.999864 0.016372 0.101800 -0.074051 -0.016180 0.997123 0.009300 0.000000 0.000000 0.000000 1.000000
0.997366 -0.007803 0.072113 0.000000 0.005969 0.999654 0.025616 0.101800 -0.072288 -0.025118 0.997068 0.009300 0.000000 0.000000 0.000000 1.000000
0.997642 -0.007447 0.068223 0.000000 0.004419 0.999003 0.044427 0.101800 -0.068486 -0.044021 0.996680 0.009300 0.000000 0.000000 0.000000 1.000000
0.997902 -0.005413 0.064510 -0.000000 0.001763 0.998401 0.056493 0.101800 -0.064713 -0.056260 0.996317 0.009300 0.000000 0.000000 0.000000 1.000000
0.998186 -0.006119 0.059902 0.000000 0.002284 0.997955 0.063884 0.101800 -0.060170 -0.063632 0.996158 0.009300 0.000000 0.000000 0.000000 1.000000
0.998856 -0.007234 0.047266 0.000000 0.004131 0.997849 0.065419 0.101800 -0.047638 -0.065149 0.996738 0.009300 0.000000 0.000000 0.000000 1.000000
0.999506 -0.008509 0.030240 0.000000 0.007096 0.998891 0.046536 0.101800 -0.030603 -0.046299 0.998459 0.009300 0.000000 0.000000 0.000000 1.000000
0.999744 -0.016325 0.015663 -0.000000 0.015923 0.999548 0.025481 0.101800 -0.016071 -0.025225 0.999553 0.009300 0.000000 0.000000 0.000000 1.000000
0.999709 -0.024079 -0.001087 -0.000000 0.024091 0.999621 0.013301 0.101800 0.000766 -0.013323 0.999911 0.009300 0.000000 0.000000 0.000000 1.000000
0.999468 -0.028705 -0.015512 -0.000000 0.028794 0.999570 0.005516 0.101800 0.015347 -0.005960 0.999864 0.009300 0.000000 0.000000 0.000000 1.000000
0.999417 -0.031211 -0.013825 0.000000 0.031214 0.999513 -0.000047 0.101800 0.013820 -0.000385 0.999904 0.009300 0.000000 0.000000 0.000000 1.000000
0.999507 -0.031353 0.001527 0.000000 0.031359 0.999498 -0.004601 0.101800 -0.001382 0.004647 0.999988 0.009300 0.000000 0.000000 0.000000 1.000000
0.999441 -0.023831 0.023453 0.000000 0.024057 0.999667 -0.009385 0.101800 -0.023222 0.009944 0.999681 0.009300 0.000000 0.000000 0.000000 1.000000
0.999071 -0.010859 0.041699 0.000000 0.011482 0.999826 -0.014734 0.101800 -0.041531 0.015199 0.999022 0.009300 0.000000 0.000000 0.000000 1.000000
0.998569 0.006391 0.053095 -0.000000 -0.005218 0.999740 -0.022206 0.101800 -0.053223 0.021897 0.998343 0.009300 0.000000 0.000000 0.000000 1.000000
0.998061 0.023500 0.057641 0.000000 -0.021745 0.999286 -0.030898 0.101800 -0.058325 0.029585 0.997859 0.009300 0.000000 0.000000 0.000000 1.000000
0.997753 0.035422 0.056868 0.000000 -0.033094 0.998596 -0.041363 0.101800 -0.058254 0.039388 0.997524 0.009300 0.000000 0.000000 0.000000 1.000000
0.997750 0.039876 0.053904 -0.000000 -0.037083 0.997966 -0.051846 0.101800 -0.055861 0.049730 0.997199 0.009300 0.000000 0.000000 0.000000 1.000000
0.997702 0.041006 0.053943 0.000000 -0.037748 0.997479 -0.060088 0.101800 -0.056271 0.057914 0.996734 0.009300 0.000000 0.000000 0.000000 1.000000
0.997551 0.040775 0.056823 -0.000000 -0.037407 0.997549 -0.059128 0.101800 -0.059094 0.056858 0.996632 0.009300 0.000000 0.000000 0.000000 1.000000
0.997971 0.030338 0.055980 0.000000 -0.027965 0.998697 -0.042693 0.101800 -0.057202 0.041041 0.997519 0.009300 0.000000 0.000000 0.000000 1.000000
0.998484 0.013574 0.053344 -0.000000 -0.012537 0.999727 -0.019726 0.101800 -0.053597 0.019028 0.998381 0.009300 0.000000 0.000000 0.000000 1.000000
0.998324 0.006674 0.057479 0.000000 -0.006328 0.999961 -0.006190 0.101800 -0.057519 0.005816 0.998327 0.009300 0.000000 0.000000 0.000000 1.000000
0.997919 0.008361 0.063938 -0.000000 -0.008326 0.999965 -0.000804 0.101800 -0.063942 0.000270 0.997954 0.009300 0.000000 0.000000 0.000000 1.000000
0.997720 0.009781 0.066770 0.000000 -0.009807 0.999952 0.000068 0.101800 -0.066766 -0.000723 0.997768 0.009300 0.000000 0.000000 0.000000 1.000000
0.997618 0.011118 0.068083 0.000000 -0.011078 0.999938 -0.000975 0.101800 -0.068090 0.000218 0.997679 0.009300 0.000000 0.000000 0.000000 1.000000
0.997580 0.012424 0.068413 -0.000000 -0.012229 0.999920 -0.003270 0.101800 -0.068449 0.002426 0.997652 0.009300 0.000000 0.000000 0.000000 1.000000
0.997571 0.013742 0.068293 0.000000 -0.013352 0.999892 -0.006165 0.101800 -0.068370 0.005238 0.997646 0.009300 0.000000 0.000000 0.000000 1.000000
0.997554 0.015111 0.068254 0.000000 -0.014529 0.999854 -0.009016 0.101800 -0.068380 0.008002 0.997627 0.009300 0.000000 0.000000 0.000000 1.000000
0.997491 0.016561 0.068825 -0.000000 -0.015828 0.999812 -0.011188 0.101800 -0.068997 0.010071 0.997566 0.009300 0.000000 0.000000 0.000000 1.000000</float_array><technique_common><accessor source="#mixamorig_Head-Matrix-animation-output-transform-array" count="32" stride="16"><param type="float4x4"/></accessor></technique_common></source><source id="mixamorig_Head-Interpolations"><Name_array id="mixamorig_Head-Interpolations-array" count="32">
 LINEAR LINEAR LINEAR LINEAR LINEAR LINEAR LINEAR LINEAR LINEAR LINEAR LINEAR
LINEAR LINEAR LINEAR LINEAR LINEAR LINEAR LINEAR LINEAR LINEAR LINEAR LINEAR LINEAR
