1.000,30,29,41
B0,mixamorig_Hips,-1,0.9915090799331665,0.06368523836135864,-0.11337267607450485,0,-0.08138981461524963,0.9839000701904297,-0.15911084413528442,0,0.10141434520483017,0.16698718070983887,0.9807289242744446,0,0.001955999992787838,0.7012680172920227,-0.0030559999868273735,1
B1,mixamorig_Spine,0,0.995060920715332,-0.06446096301078796,0.07549313455820084,0,0.0513690784573555,0.9851109981536865,0.16406573355197906,0,-0.08494488149881363,-0.15937726199626923,0.9835559129714966,0,0,0.07580000162124634,-0.008700000122189522,1
B2,mixamorig_Spine1,1,0.999701976776123,-0.012653368525207043,0.02085184119641781,0,0.011606626212596893,0.9987030625343323,0.049577873200178146,0,-0.02145213820040226,-0.049321115016937256,0.9985529184341431,0,0,0.08900000154972076,0,1
B3,mixamorig_Spine2,2,0.9997109174728394,-0.011965818703174591,0.02087041549384594,0,0.010915199294686317,0.9987019896507263,0.04974709451198578,0,-0.021438593044877052,-0.04950491338968277,0.9985439777374268,0,0,0.10180000215768814,0,1
B4,mixamorig_Neck,3,0.9994209408760071,0.03391192853450775,0.0029037916101515293,0,-0.03365805372595787,0.9973980188369751,-0.06375231593847275,0,-0.005058200564235449,0.06361767649650574,0.9979619979858398,0,0,0.1145000010728836,0,1
B5,mixamorig_Head,4,0.9974910020828247,-0.015827808529138565,-0.06899715214967728,0,0.016561172902584076,0.9998120069503784,0.010069786570966244,0,0.06882482767105103,-0.01118719857186079,0.9975659847259521,0,0,0.10180000215768814,0.00930000003427267,1
B6,mixamorig_HeadTop_End,5,1,0,0,0,0,1,0,0,0,0,1,0,0,0.692799985408783,0.06340000033378601,1
B7,mixamorig_LeftShoulder,3,0.013516072183847427,0.033942874521017075,-0.999332070350647,0,0.9524639844894409,-0.3046402037143707,0.002534945961087942,0,-0.30435094237327576,-0.9518630504608154,-0.03644699603319168,0,0.08250000327825546,0.09529999643564224,-0.002199999988079071,1
B8,mixamorig_LeftArm,7,0.9702468514442444,0.06480295211076736,-0.23328329622745514,0,0.16201771795749664,0.542219877243042,0.8244681358337402,0,0.17991887032985687,-0.8377339243888855,0.515588104724884,0,0,0.17059999704360962,0,1
B9,mixamorig_LeftForeArm,8,0.8358919620513916,0.5485119819641113,0.02048574760556221,0,-0.5485630035400391,0.8335090279579163,0.06588320434093475,0,0.019062673673033714,-0.06630896776914597,0.9976170063018799,0,0,0.20110000669956207,0,1
B10,mixamorig_LeftHand,9,0.9877579808235168,-0.10630101710557938,0.11416611820459366,0,0.1097629964351654,0.9936569929122925,-0.024460099637508392,0,-0.11084187775850296,0.03669188916683197,0.9931609630584717,0,0,0.3061000108718872,0,1
B11,mixamorig_LeftHandThumb1,10,0.8898090720176697,0.45296886563301086,-0.05530308187007904,0,-0.42885714769363403,0.8714879751205444,0.2378886491060257,0,0.15595212578773499,-0.18795837461948395,0.9697169065475464,0,-0.05460000038146973,0.05779999867081642,0,1
B12,mixamorig_LeftHandThumb2,11,0.9422028660774231,-0.33445337414741516,-0.019885228946805,0,0.33474060893058777,0.9371652007102966,0.09833918511867523,0,-0.014254119247198105,-0.09931177645921707,0.9949540495872498,0,-0.002400000113993883,0.06360000371932983,0,1
B13,mixamorig_LeftHandThumb3,12,0.9601899981498718,-0.27461495995521545,0.05119781196117401,0,0.27909204363822937,0.9352399110794067,-0.21779222786426544,0,0.011926766484975815,0.22341085970401764,0.974651038646698,0,0.0026000000070780516,0.0681999996304512,0,1
B14,mixamorig_LeftHandThumb4,13,1,0,0,0,0,1,0,0,0,0,1,0,-0.00019999999494757503,0.04340000078082085,0,1
B15,mixamorig_LeftHandIndex1,10,0.9995329976081848,-0.02675638347864151,-0.014776892028748989,0,0.029126642271876335,0.9803630709648132,0.19503891468048096,0,0.00926817674189806,-0.1953781098127365,0.9806839227676392,0,0,0.1436000019311905,0.0007999999797903001,1
B16,mixamorig_LeftHandIndex2,15,0.998682975769043,0.04996347427368164,0.011621815152466297,0,-0.05125658959150314,0.9629120230674744,0.26490306854248047,0,0.002044693101197481,-0.26514992117881775,0.9642050266265869,0,-0.00019999999494757503,0.07819999754428864,0,1
B17,mixamorig_LeftHandIndex3,16,0.9992989897727966,-0.037148330360651016,-0.004663221538066864,0,0.03705462068319321,0.9634931087493896,0.2651565968990326,0,-0.005357141140848398,-0.26514342427253723,0.9641938209533691,0,0.00139999995008111,0.0551999993622303,0,1
B18,mixamorig_LeftHandIndex4,17,1,0,0,0,0,1,0,0,0,0,1,0,-0.0012000000569969416,0.03370000049471855,0,1
B19,mixamorig_RightShoulder,3,0.11028917133808136,-0.023834777995944023,0.9936140179634094,0,-0.8755972385406494,-0.4753628075122833,0.0857866108417511,0,0.47028234601020813,-0.8794668912887573,-0.07329710572957993,0,-0.08250000327825546,0.09529999643564224,-0.002199999988079071,1
B20,mixamorig_RightArm,19,0.9983900189399719,0.05651075020432472,0.004980972036719322,0,-0.036500174552202225,0.5726721286773682,0.8189719915390015,0,0.04342819005250931,-0.8178340196609497,0.573811948299408,0,0,0.17059999704360962,0,1
B21,mixamorig_RightForeArm,20,0.9404839277267456,-0.3397160768508911,-0.009107129648327827,0,0.3397979140281677,0.9396220445632935,0.04059986397624016,0,-0.005235164891928434,-0.041278090327978134,0.9991340041160583,0,0,0.20110000669956207,0,1
B22,mixamorig_RightHand,21,0.9565428495407104,0.13849322497844696,0.2566013038158417,0,-0.09622090309858322,0.9806340336799622,-0.17058268189430237,0,-0.2752566933631897,0.1384793221950531,0.9513450860977173,0,0,0.3061000108718872,0,1
B23,mixamorig_RightHandThumb1,22,0.9347030520439148,-0.3544737696647644,0.02604583092033863,0,0.3241630792617798,0.8802408576011658,0.3465462327003479,0,-0.14576813578605652,-0.3154746890068054,0.9376710653305054,0,0.04170000180602074,0.07419999688863754,0,1
B24,mixamorig_RightHandThumb2,23,0.9390539526939392,0.3437403440475464,-0.004558304324746132,0,-0.3430526852607727,0.9378671050071716,0.052166104316711426,0,0.022206660360097885,-0.04742300882935524,0.9986280202865601,0,0.007499999832361937,0.06769999861717224,0,1
B25,mixamorig_RightHandThumb3,24,0.979623019695282,-0.1966327726840973,0.04091819003224373,0,0.20064614713191986,0.9490599632263184,-0.24295534193515778,0,0.008939160965383053,0.2462146133184433,0.9691740870475769,0,0.00419999985024333,0.06469999998807907,0,1
B26,mixamorig_RightHandThumb4,25,1,0,0,0,0,1,0,0,0,0,1,0,-0.011699999682605267,0.0406000018119812,0,1
B27,mixamorig_RightHandIndex1,22,0.9996140003204346,-0.00889071635901928,-0.02633405104279518,0,0.026852112263441086,0.5535191297531128,0.8324038982391357,0,0.007175729610025883,-0.8327891826629639,0.5535438060760498,0,0,0.11879999935626984,0.0017999999690800905,1
B28,mixamorig_RightHandIndex2,27,0.9989740252494812,-0.028926020488142967,-0.034858010709285736,0,0.029730988666415215,-0.1618681401014328,0.9863640069961548,0,-0.03417397290468216,-0.9863880276679993,-0.16084201633930206,0,-0.00139999995008111,0.07119999825954437,0,1
B29,mixamorig_RightHandIndex3,28,0.9974419474601746,-0.06461098790168762,-0.030584851279854774,0,0.04969912767410278,0.31925880908966064,0.9463630318641663,0,-0.0513809472322464,-0.9454619288444519,0.3216531574726105,0,0.001500000013038516,0.07980000227689743,0,1
B30,mixamorig_RightHandIndex4,29,1,0,0,0,0,1,0,0,0,0,1,0,0,0.04729999974370003,0,1
B31,mixamorig_LeftUpLeg,0,-0.9931620955467224,0.05226001515984535,0.1043929010629654,0,-0.019286973401904106,-0.955371081829071,0.29477691650390625,0,0.11513910442590714,0.29074805974960327,0.9498469829559326,0,0.13289999961853027,-0.042100001126527786,-0.005499999970197678,1
B32,mixamorig_LeftLeg,31,0.9953640699386597,-0.0871569961309433,-0.04068181291222572,0,0.009007859043776989,0.5055691003799438,-0.8627389073371887,0,0.09576110541820526,0.8583720326423645,0.5040099024772644,0,0,0.30379998683929443,0,1
B33,mixamorig_LeftFoot,32,0.9995629191398621,0.029467111453413963,0.002155985916033387,0,-0.02097993716597557,0.6564971208572388,0.7540369033813477,0,0.02080390602350235,-0.753753125667572,0.6568288803100586,0,0,0.27900001406669617,0,1
B34,mixamorig_LeftToeBase,33,0.9972379803657532,-0.0014711128314957023,0.07426295429468155,0,-0.05554709956049919,0.6489872336387634,0.7587688565254211,0,-0.04931193217635155,-0.7607980966567993,0.6471129059791565,0,0,0.11900000274181366,0,1
B35,mixamorig_LeftToe_End,34,1,0,0,0,0,1,0,0,0,0,1,0,0,0.05079999938607216,0,1
B36,mixamorig_RightUpLeg,0,-0.991553008556366,0.061953943222761154,-0.11394766718149185,0,-0.06783705949783325,-0.99651700258255,0.04849489405751228,0,-0.11054631322622299,0.05581512302160263,0.9923020005226135,0,-0.13289999961853027,-0.042100001126527786,-0.00009999999747378752,1
B37,mixamorig_RightLeg,36,0.991694986820221,0.11040015518665314,0.06597573310136795,0,-0.06131874397397041,0.8567891120910645,-0.5120089054107666,0,-0.11305313557386398,0.5037110447883606,0.856442928314209,0,0,0.303600013256073,0,1
B38,mixamorig_RightFoot,37,0.9878559708595276,-0.15265808999538422,-0.028906824067234993,0,0.10400912910699844,0.511536180973053,0.8529438972473145,0,-0.11542187631130219,-0.8455921411514282,0.5212018489837646,0,0,0.2786000072956085,0,1
B39,mixamorig_RightToeBase,38,0.9974870085716248,0.0007869190885685384,-0.07084998488426208,0,0.05414394661784172,0.6365232467651367,0.7693548202514648,0,0.045703060925006866,-0.7712571620941162,0.634880781173706,0,0,0.11590000241994858,0,1
B40,mixamorig_RightToe_End,39,1,0,0,0,0,1,0,0,0,0,1,0,0,0.051600001752376556,0,1
@34,0,1,2,3,4,5,7,8,9,10,11,12,13,15,16,17,19,20,21,22,23,24,25,27,28,29,31,32,33,34,36,37,38,39
K0,0.9915090799331665,0.06368521600961685,-0.11337265372276306,0,-0.08138977736234665,0.9839000701904297,-0.15911082923412323,0,0.10141433775424957,0.16698716580867767,0.9807289242744446,0,0.001955999992787838,0.7012680172920227,-0.0030559999868273735,1,0.995060920715332,-0.06446094065904617,0.07549313455820084,0,0.05136905983090401,0.9851109981536865,0.16406571865081787,0,-0.08494487404823303,-0.15937724709510803,0.9835559725761414,0,0,0.07580000162124634,-0.008700000122189522,1,0.999701976776123,-0.012653371319174767,0.020851850509643555,0,0.011606629006564617,0.9987030625343323,0.049577876925468445,0,-0.021452147513628006,-0.049321118742227554,0.9985529184341431,0,0,0.08900000154972076,0,1,0.9997109174728394,-0.011965809389948845,0.020870409905910492,0,0.010915189981460571,0.9987019896507263,0.04974709078669548,0,-0.021438587456941605,-0.04950490966439247,0.9985439777374268,0,0,0.10180000215768814,0,1,0.9994209408760071,0.03391193598508835,0.002903795102611184,0,-0.03365806117653847,0.9973980188369751,-0.06375232338905334,0,-0.005058204755187035,0.06361768394708633,0.9979619979858398,0,0,0.1145000010728836,0,1,0.9974910020828247,-0.01582781784236431,-0.06899716705083847,0,0.016561182215809822,0.9998120069503784,0.01006979402154684,0,0.06882483512163162,-0.011187206953763962,0.9975659847259521,0,0,0.10180000215768814,0.00930000003427267,1,0.013515970669686794,0.03394284099340439,-0.9993319511413574,0,0.9524639844894409,-0.30463990569114685,0.0025347815826535225,0,-0.30435076355934143,-0.9518629908561707,-0.03644682094454765,0,0.08250000327825546,0.09529999643564224,-0.002199999988079071,1,0.9702469110488892,0.06480278074741364,-0.23328326642513275,0,0.16201777756214142,0.5422199368476868,0.8244680762290955,0,0.17991872131824493,-0.8377338647842407,0.5155881643295288,0,0,0.17059999704360962,0,1,0.8358919620513916,0.5485119819641113,0.020485686138272285,0,-0.5485630035400391,0.833509087562561,0.06588312238454819,0,0.01906268484890461,-0.0663088709115982,0.9976170063018799,0,0,0.20110000669956207,0,1,0.9877579808235168,-0.10630101710557938,0.11416611820459366,0,0.1097629964351654,0.9936569929122925,-0.02446010522544384,0,-0.11084187775850296,0.03669189661741257,0.9931609630584717,0,0,0.3061000108718872,0,1,0.8898090720176697,0.4529688358306885,-0.055302977561950684,0,-0.42885711789131165,0.8714879751205444,0.23788860440254211,0,0.15595202147960663,-0.18795837461948395,0.9697169065475464,0,-0.05460000038146973,0.05779999867081642,0,1,0.9422028660774231,-0.33445337414741516,-0.019885176792740822,0,0.33474060893058777,0.9371652007102966,0.09833922237157822,0,-0.014254177920520306,-0.09931179136037827,0.9949540495872498,0,-0.002400000113993883,0.06360000371932983,0,1,0.9601899981498718,-0.27461495995521545,0.05119778588414192,0,0.279092013835907,0.9352399110794067,-0.21779221296310425,0,0.011926785111427307,0.22341082990169525,0.974651038646698,0,0.0026000000070780516,0.0681999996304512,0,1,0.9995329976081848,-0.026756372302770615,-0.014776855707168579,0,0.029126623645424843,0.9803630709648132,0.19503889977931976,0,0.009268144145607948,-0.19537809491157532,0.9806839227676392,0,0,0.1436000019311905,0.0007999999797903001,1,0.998682975769043,0.04996344819664955,0.0116217490285635,0,-0.05125654861330986,0.9629120230674744,0.26490306854248047,0,0.0020447499118745327,-0.26514992117881775,0.9642050266265869,0,-0.00019999999494757503,0.07819999754428864,0,1,0.9992989897727966,-0.037148360162973404,-0.004663185216486454,0,0.0370546393096447,0.9634931087493896,0.2651565968990326,0,-0.005357184913009405,-0.26514342427253723,0.9641938209533691,0,0.00139999995008111,0.0551999993622303,0,1,0.11028943955898285,-0.02383466437458992,0.9936139583587646,0,-0.875597357749939,-0.47536253929138184,0.08578692376613617,0,0.47028204798698425,-0.8794670701026917,-0.07329710572957993,0,-0.08250000327825546,0.09529999643564224,-0.002199999988079071,1,0.9983900189399719,0.05651073157787323,0.004981103353202343,0,-0.036500267684459686,0.5726720690727234,0.8189719915390015,0,0.04342810437083244,-0.8178340792655945,0.573811948299408,0,0,0.17059999704360962,0,1,0.9404839277267456,-0.3397160768508911,-0.009107152000069618,0,0.33979788422584534,0.9396220445632935,0.04059988260269165,0,-0.0052351513877511024,-0.04127812013030052,0.9991340041160583,0,0,0.20110000669956207,0,1,0.9565429091453552,0.13849316537380219,0.2566013038158417,0,-0.09622085094451904,0.9806340336799622,-0.17058266699314117,0,-0.2752566933631897,0.1384793370962143,0.9513450860977173,0,0,0.3061000108718872,0,1,0.9347030520439148,-0.3544738292694092,0.02604583092033863,0,0.32416313886642456,0.8802408576011658,0.3465462625026703,0,-0.1457681655883789,-0.3154747188091278,0.9376710057258606,0,0.04170000180602074,0.07419999688863754,0,1,0.9390539526939392,0.3437403440475464,-0.004558331798762083,0,-0.3430526852607727,0.9378671050071716,0.05216605216264725,0,0.022206667810678482,-0.047422949224710464,0.9986280202865601,0,0.007499999832361937,0.06769999861717224,0,1,0.979623019695282,-0.19663280248641968,0.04091818258166313,0,0.20064617693424225,0.9490599632263184,-0.24295537173748016,0,0.008939185179769993,0.2462146282196045,0.9691740870475769,0,0.00419999985024333,0.06469999998807907,0,1,0.9996140003204346,-0.00889074057340622,-0.026334207504987717,0,0.026852255687117577,0.5535191297531128,0.832403838634491,0,0.0071757943369448185,-0.8327891230583191,0.5535438060760498,0,0,0.11879999935626984,0.0017999999690800905,1,0.9989740252494812,-0.02892603725194931,-0.034857988357543945,0,0.029730962589383125,-0.1618681252002716,0.9863640069961548,0,-0.03417398780584335,-0.9863880276679993,-0.16084201633930206,0,-0.00139999995008111,0.07119999825954437,0,1,0.9974419474601746,-0.06461089104413986,-0.030584855005145073,0,0.049699101597070694,0.31925880908966064,0.9463630318641663,0,-0.051380857825279236,-0.9454619288444519,0.3216531574726105,0,0.001500000013038516,0.07980000227689743,0,1,-0.9931620955467224,0.05226002633571625,0.1043929010629654,0,-0.019286978989839554,-0.955371081829071,0.29477694630622864,0,0.11513910442590714,0.29074808955192566,0.9498469829559326,0,0.13289999961853027,-0.042100001126527786,-0.005499999970197678,1,0.9953640699386597,-0.08715710043907166,-0.040681805461645126,0,0.009007911197841167,0.5055690407752991,-0.8627389669418335,0,0.09576119482517242,0.8583720922470093,0.5040098428726196,0,0,0.30379998683929443,0,1,0.9995629191398621,0.029467104002833366,0.0021559344604611397,0,-0.02097989246249199,0.6564971208572388,0.7540369033813477,0,0.02080393396317959,-0.753753125667572,0.6568288803100586,0,0,0.27900001406669617,0,1,0.9972379803657532,-0.0014711379772052169,0.07426301389932632,0,-0.05554713308811188,0.6489871740341187,0.7587688565254211,0,-0.049311984330415726,-0.7607980966567993,0.6471128463745117,0,0,0.11900000274181366,0,1,-0.991553008556366,0.061953943222761154,-0.11394767463207245,0,-0.06783705949783325,-0.99651700258255,0.048494886606931686,0,-0.11054632067680359,0.055815115571022034,0.9923020005226135,0,-0.13289999961853027,-0.042100001126527786,-0.00009999999747378752,1,0.9916949272155762,0.11040022224187851,0.06597577780485153,0,-0.0613187737762928,0.8567890524864197,-0.5120089650154114,0,-0.11305321753025055,0.5037110447883606,0.8564428687095642,0,0,0.303600013256073,0,1,0.9878559708595276,-0.15265798568725586,-0.028906792402267456,0,0.10400903970003128,0.511536180973053,0.8529439568519592,0,-0.11542179435491562,-0.845592200756073,0.5212017893791199,0,0,0.2786000072956085,0,1,0.9974870085716248,0.0007869249675422907,-0.0708499550819397,0,0.05414392426609993,0.6365231871604919,0.7693548798561096,0,0.04570304602384567,-0.771257221698761,0.634880781173706,0,0,0.11590000241994858,0,1
K0.034,0.9957388639450073,0.07880786061286926,-0.04789680615067482,0,-0.08459501713514328,0.9873483777046204,-0.13411621749401093,0,0.036721400916576385,0.1375965029001236,0.9898074269294739,0,0.004165273625403643,0.7039227485656738,0.04488673433661461,1,0.9963748455047607,-0.07390164583921432,0.04214219003915787,0,0.06807492673397064,0.9896872043609619,0.12603439390659332,0,-0.051021747291088104,-0.12270870059728622,0.9911304712295532,0,0,0.07580000162124634,-0.008700000122189522,1,0.9998669028282166,-0.012422836385667324,0.01054876297712326,0,0.01181492768228054,0.9983690977096558,0.055856864899396896,0,-0.011225458234548569,-0.05572478845715523,0.9983828663825989,0,0,0.08900000154972076,0,1,0.9998777508735657,-0.011783107183873653,0.010276404209434986,0,0.0111906873062253,0.9983724355697632,0.055915504693984985,0,-0.010918536223471165,-0.05579366534948349,0.9983822107315063,0,0,0.10180000215768814,0,1,0.9997196197509766,0.023325935006141663,-0.004004576709121466,0,-0.023505480960011482,0.9983186721801758,-0.052982818335294724,0,0.002761971903964877,0.05306212231516838,0.9985876083374023,0,0,0.1145000010728836,0,1,0.9973469972610474,-0.005855408962816,-0.07256143540143967,0,0.005493320059031248,0.9999718070030212,-0.005188669078052044,0,0.07258971780538559,0.00477629667147994,0.99735027551651,0,0,0.10180000215768814,0.00930000003427267,1,-0.0060019660741090775,0.035174984484910965,-0.9993627667427063,0,0.9491261839866638,-0.314447820186615,-0.0167679525911808,0,-0.31483739614486694,-0.9486225843429565,-0.03149828314781189,0,0.08250000327825546,0.09529999643564224,-0.002199999988079071,1,0.9655725955963135,0.03656719624996185,-0.2575491666793823,0,0.19884921610355377,0.5345656275749207,0.8214001059532166,0,0.16771331429481506,-0.8443353176116943,0.5088908076286316,0,0,0.17059999704360962,0,1,0.866802453994751,0.49836888909339905,0.016773493960499763,0,-0.49841561913490295,0.8648689985275269,0.05986025184392929,0,0.015325616113841534,-0.06024719029664993,0.9980655312538147,0,0,0.20110000669956207,0,1,0.9955275058746338,-0.036256369203329086,0.08723563700914383,0,0.036836035549640656,0.9993085861206055,-0.0050436509773135185,0,-0.08699251711368561,0.00823451392352581,0.9961754083633423,0,0,0.3061000108718872,0,1,0.8934993147850037,0.4453796446323395,-0.05740801990032196,0,-0.4209591746330261,0.8752222657203674,0.2382848709821701,0,0.15637198090553284,-0.18874090909957886,0.9694969654083252,0,-0.05460000038146973,0.05779999867081642,0,1,0.9392791986465454,-0.3425290882587433,-0.02068433351814747,0,0.3428339958190918,0.9341009259223938,0.09959772229194641,0,-0.01479387003928423,-0.10064142197370529,0.9948127865791321,0,-0.002400000113993883,0.06360000371932983,0,1,0.9577487111091614,-0.2826707363128662,0.05306060612201691,0,0.28737688064575195,0.9331641793251038,-0.21591588854789734,0,0.01151884626597166,0.22204148769378662,0.9749694466590881,0,0.0026000000070780516,0.0681999996304512,0,1,0.9995682835578918,-0.025532584637403488,-0.014561214484274387,0,0.02801215462386608,0.9775545001029968,0.20881281793117523,0,0.008902846835553646,-0.20913051068782806,0.9778474569320679,0,0,0.1436000019311905,0.0007999999797903001,1,0.9986215829849243,0.05103660747408867,0.01229568850249052,0,-0.05244116485118866,0.9590314030647278,0.27840426564216614,0,0.0024168568197637796,-0.2786652445793152,0.9603856205940247,0,-0.00019999999494757503,0.07819999754428864,0,1,0.9993447661399841,-0.03586519509553909,-0.004819813184440136,0,0.035787101835012436,0.9597185254096985,0.27867528796195984,0,-0.005369082558900118,-0.27866533398628235,0.9603737592697144,0,0.00139999995008111,0.0551999993622303,0,1,0.11538826674222946,-0.02194405533373356,0.9930778741836548,0,-0.8808084726333618,-0.464432030916214,0.09208086133003235,0,0.45919668674468994,-0.8853367567062378,-0.07291857898235321,0,-0.08250000327825546,0.09529999643564224,-0.002199999988079071,1,0.9994826912879944,0.03213416785001755,-0.0010556996567174792,0,-0.017557911574840546,0.5730291604995728,0.8193475008010864,0,0.026933982968330383,-0.8189046382904053,0.5732966065406799,0,0,0.17059999704360962,0,1,0.9369984269142151,-0.34920358657836914,-0.009523686021566391,0,0.349287748336792,0.9360860586166382,0.04173413664102554,0,-0.0056587206199765205,-0.04243132472038269,0.9990835785865784,0,0,0.20110000669956207,0,1,0.9553331136703491,0.13469906151294708,0.26304763555526733,0,-0.09363755583763123,0.9821919798851013,-0.16288027167320251,0,-0.280303418636322,0.1309739351272583,0.9509345889091492,0,0,0.3061000108718872,0,1,0.9347030520439148,-0.35447385907173157,0.02604592964053154,0,0.32416319847106934,0.8802409768104553,0.3465458154678345,0,-0.14576806128025055,-0.31547415256500244,0.937670886516571,0,0.04170000180602074,0.07419999688863754,0,1,0.9390539526939392,0.3437403440475464,-0.004558314103633165,0,-0.3430526852607727,0.9378671050071716,0.05216604843735695,0,0.02220664918422699,-0.04742295295000076,0.9986280202865601,0,0.007499999832361937,0.06769999861717224,0,1,0.9796229004859924,-0.19663237035274506,0.04091819375753403,0,0.20064562559127808,0.9490591287612915,-0.2429557740688324,0,0.00893919263035059,0.24621522426605225,0.9691739678382874,0,0.00419999985024333,0.06469999998807907,0,1,0.9996140003204346,-0.008890723809599876,-0.02633419819176197,0,0.026852240785956383,0.553519070148468,0.8324038982391357,0,0.007175802253186703,-0.8327891826629639,0.553543746471405,0,0,0.11879999935626984,0.0017999999690800905,1,0.9989740252494812,-0.02892603725194931,-0.034857988357543945,0,0.029730962589383125,-0.1618681252002716,0.9863640069961548,0,-0.03417398780584335,-0.9863880276679993,-0.16084201633930206,0,-0.00139999995008111,0.07119999825954437,0,1,0.9974419474601746,-0.06461089849472046,-0.03058483824133873,0,0.0496990904211998,0.31925880908966064,0.9463630318641663,0,-0.05138087272644043,-0.9454619288444519,0.3216531574726105,0,0.001500000013038516,0.07980000227689743,0,1,-0.9940913915634155,0.07103881984949112,0.08207382261753082,0,-0.03831421211361885,-0.9370762705802917,0.34701645374298096,0,0.1015610471367836,0.34182143211364746,0.9342612028121948,0,0.13289999961853027,-0.042100001126527786,-0.005499999970197678,1,0.9995238184928894,-0.029370801523327827,0.009417017921805382,0,0.02705296128988266,0.6881805062294006,-0.725034773349762,0,0.014814251102507114,0.7249446511268616,0.6886476874351501,0,0,0.30379998683929443,0,1,0.9999385476112366,0.011058962903916836,0.00011413874017307535,0,-0.007529558148235083,0.6731821894645691,0.7394377589225769,0,0.008100583218038082,-0.7393935918807983,0.6732243895530701,0,0,0.27900001406669617,0,1,0.9972379803657532,-0.001456372905522585,0.0742548480629921,0,-0.05553503334522247,0.6492258906364441,0.7585654854774475,0,-0.049312908202409744,-0.760593831539154,0.6473516821861267,0,0,0.11900000274181366,0,1,-0.9933587312698364,0.07378188520669937,-0.08829130232334137,0,-0.0730830579996109,-0.9972639083862305,-0.011125914752483368,0,-0.08887054771184921,-0.004599422682076693,0.9960321187973022,0,-0.13289999961853027,-0.042100001126527786,-0.00009999999747378752,1,0.9865009784698486,0.11813700199127197,0.11340062320232391,0,-0.0506388396024704,0.878631055355072,-0.4748084247112274,0,-0.15572968125343323,0.46265628933906555,0.8727523684501648,0,0,0.303600013256073,0,1,0.9868404269218445,-0.15857267379760742,-0.03164854273200035,0,0.10425594449043274,0.474348247051239,0.8741416335105896,0,-0.12360261380672455,-0.8659383058547974,0.4846384525299072,0,0,0.2786000072956085,0,1,0.9974878430366516,0.0007645537261851132,-0.07083556056022644,0,0.05412410572171211,0.6369091868400574,0.7690358757972717,0,0.04570379480719566,-0.770937979221344,0.6352678537368774,0,0,0.11590000241994858,0,1
K0.069,0.9965647459030151,0.08065716177225113,0.01880439929664135,0,-0.07846640795469284,0.9921645522117615,-0.09722799062728882,0,-0.026499176397919655,0.09541841596364975,0.9950844645500183,0,0.00791024137288332,0.7033165693283081,0.09021701663732529,1,0.9973472952842712,-0.07226016372442245,0.00874190405011177,0,0.07143046706914902,0.9947541356086731,0.07322356849908829,0,-0.013987194746732712,-0.0724048987030983,0.9972771406173706,0,0,0.07580000162124634,-0.008700000122189522,1,0.9999561309814453,-0.009316915646195412,0.0002604795154184103,0,0.009283593855798244,0.9980880618095398,0.06110294908285141,0,-0.0008292729035019875,-0.0610978789627552,0.998131275177002,0,0,0.08900000154972076,0,1,0.9999635815620422,-0.00858764722943306,-0.00020232806855347008,0,0.008583998307585716,0.9981016516685486,0.06099246069788933,0,-0.00032183766597881913,-0.06099195033311844,0.9981385469436646,0,0,0.10180000215768814,0,1,0.9998950362205505,0.010150833986699581,-0.010321098379790783,0,-0.010577285662293434,0.9990558624267578,-0.04213951528072357,0,0.009883604012429714,0.04224426671862602,0.9990584254264832,0,0,0.1145000010728836,0,1,0.997260570526123,0.002270990749821067,-0.07392800599336624,0,-0.0035219795536249876,0.99985271692276,-0.016795732080936432,0,0.07387899607419968,0.017010098323225975,0.9971219301223755,0,0,0.10180000215768814,0.00930000003427267,1,-0.02111830562353134,0.036419980227947235,-0.9991129636764526,0,0.9448280334472656,-0.32601356506347656,-0.03185483440756798,0,-0.3268848657608032,-0.9446636438369751,-0.027525782585144043,0,0.08250000327825546,0.09529999643564224,-0.002199999988079071,1,0.9599818587303162,0.0034967856481671333,-0.28003859519958496,0,0.23645448684692383,0.5257128477096558,0.817138671875,0,0.15007728338241577,-0.8506549000740051,0.503848135471344,0,0,0.17059999704360962,0,1,0.8990496397018433,0.43765631318092346,0.012900513596832752,0,-0.43769729137420654,0.8975843191146851,0.05256854370236397,0,0.01142765861004591,-0.0529082752764225,0.9985343217849731,0,0,0.20110000669956207,0,1,0.9978191256523132,0.03680950403213501,0.054790567606687546,0,-0.038212258368730545,0.9989625215530396,0.024778157472610474,0,-0.05382167175412178,-0.026817800477147102,0.9981908798217773,0,0,0.3061000108718872,0,1,0.8974689245223999,0.43701544404029846,-0.059720441699028015,0,-0.4122565984725952,0.8792427778244019,0.23869845271110535,0,0.15682363510131836,-0.1896042376756668,0.9692553281784058,0,-0.05460000038146973,0.05779999867081642,0,1,0.9359919428825378,-0.35135969519615173,-0.021573571488261223,0,0.3516842722892761,0.9306570291519165,0.10096929967403412,0,-0.01539896335452795,-0.1020936369895935,0.9946560859680176,0,-0.002400000113993883,0.06360000371932983,0,1,0.9549860954284668,-0.2914896309375763,0.05508570373058319,0,0.2964429259300232,0.9308030605316162,-0.21383845806121826,0,0.011057764291763306,0.22054269909858704,0.975314736366272,0,0.0026000000070780516,0.0681999996304512,0,1,0.9996078610420227,-0.024081982672214508,-0.014282586984336376,0,0.026680899783968925,0.9739622473716736,0.22513368725776672,0,0.008489037863910198,-0.2254265546798706,0.9742231965065002,0,0,0.1436000019311905,0.0007999999797903001,1,0.9985455274581909,0.05229971557855606,0.013115691021084785,0,-0.05384215712547302,0.9541702270507812,0.2943809926509857,0,0.0028814407996833324,-0.29465898871421814,0.9555983543395996,0,-0.00019999999494757503,0.07819999754428864,0,1,0.9993977546691895,-0.03433637693524361,-0.004982802551239729,0,0.034279581159353256,0.9549821019172668,0.29467490315437317,0,-0.005359583999961615,-0.2946683466434479,0.9555843472480774,0,0.00139999995008111,0.0551999993622303,0,1,0.12546536326408386,-0.01982048526406288,0.9919000267982483,0,-0.8864310383796692,-0.45122960209846497,0.10310791432857513,0,0.4455312490463257,-0.8921878337860107,-0.07418311387300491,0,-0.08250000327825546,0.09529999643564224,-0.002199999988079071,1,0.9998782873153687,0.014000259339809418,-0.0068611023016273975,0,-0.002426561200991273,0.574443519115448,0.8185407519340515,0,0.015401089563965797,-0.8184239864349365,0.5744072198867798,0,0,0.17059999704360962,0,1,0.9361348152160645,-0.3515089154243469,-0.009627122431993484,0,0.3515937328338623,0.935210108757019,0.04200929403305054,0,-0.005763260647654533,-0.042711202055215836,0.9990711808204651,0,0,0.20110000669956207,0,1,0.9554943442344666,0.12285729497671127,0.2682120203971863,0,-0.0839308574795723,0.9847959280014038,-0.1520957499742508,0,-0.282819926738739,0.12281524389982224,0.9512775540351868,0,0,0.3061000108718872,0,1,0.9347028732299805,-0.354474276304245,0.02604585327208042,0,0.3241637349128723,0.8802411556243896,0.346545934677124,0,-0.1457681506872177,-0.31547412276268005,0.937670886516571,0,0.04170000180602074,0.07419999688863754,0,1,0.9390539526939392,0.3437403440475464,-0.004557832144200802,0,-0.3430527150630951,0.9378671050071716,0.052165962755680084,0,0.022206168621778488,-0.04742303863167763,0.9986280202865601,0,0.007499999832361937,0.06769999861717224,0,1,0.979623019695282,-0.19663287699222565,0.0409182533621788,0,0.20064610242843628,0.949059009552002,-0.2429557740688324,0,0.008939255960285664,0.24621522426605225,0.9691739678382874,0,0.00419999985024333,0.06469999998807907,0,1,0.9996140003204346,-0.008890237659215927,-0.02633395418524742,0,0.02685176022350788,0.5535180568695068,0.8324040174484253,0,0.007176047191023827,-0.8327898383140564,0.5535430908203125,0,0,0.11879999935626984,0.0017999999690800905,1,0.9989740252494812,-0.02892603725194931,-0.034857988357543945,0,0.029730962589383125,-0.1618681252002716,0.9863640069961548,0,-0.03417398780584335,-0.9863880276679993,-0.16084201633930206,0,-0.00139999995008111,0.07119999825954437,0,1,0.9974419474601746,-0.06461122632026672,-0.030584394931793213,0,0.04969877377152443,0.31925880908966064,0.9463630318641663,0,-0.051381323486566544,-0.9454619288444519,0.3216531276702881,0,0.001500000013038516,0.07980000227689743,0,1,-0.996929943561554,0.058391984552145004,0.05215220898389816,0,-0.03146198391914368,-0.9087791442871094,0.41609010100364685,0,0.07169116288423538,0.4131718575954437,0.9078263640403748,0,0.13289999961853027,-0.042100001126527786,-0.005499999970197678,1,0.9989909529685974,0.014202392660081387,0.042604345828294754,0,0.014751546084880829,0.7922632098197937,-0.6100010275840759,0,-0.04241735115647316,0.6100143194198608,0.7912546992301941,0,0,0.30379998683929443,0,1,0.9995788335800171,-0.012907197698950768,0.02598402090370655,0,-0.008995807729661465,0.7135775685310364,0.7005192041397095,0,-0.02758333459496498,-0.7004574537277222,0.7131604552268982,0,0,0.27900001406669617,0,1,0.9971808791160583,-0.0027491694781929255,0.07498940825462341,0,-0.05660346895456314,0.6285170316696167,0.7757336497306824,0,-0.04926470294594765,-0.7777907252311707,0.6265890598297119,0,0,0.11900000274181366,0,1,-0.993606448173523,0.08597970008850098,-0.07317493110895157,0,-0.08190692216157913,-0.995011031627655,-0.05695260688662529,0,-0.07770659029483795,-0.05059491842985153,0.9956912398338318,0,-0.13289999961853027,-0.042100001126527786,-0.00009999999747378752,1,0.9838953614234924,0.1140817254781723,0.13760897517204285,0,-0.044942066073417664,0.9030014276504517,-0.4272807538509369,0,-0.1730058789253235,0.41421473026275635,0.8935851454734802,0,0,0.303600013256073,0,1,0.9864388704299927,-0.16404178738594055,0.005369721911847591,0,0.06955815106630325,0.4474620521068573,0.8915940523147583,0,-0.14866134524345398,-0.8791289925575256,0.45280417799949646,0,0,0.2786000072956085,0,1,0.9974823594093323,0.0008810869185253978,-0.07091129571199417,0,0.05422646179795265,0.6349212527275085,0.770672082901001,0,0.04570208862423897,-0.7725765109062195,0.633274495601654,0,0,0.11590000241994858,0,1
